0.5573
0.8824
1.8112
2.1130
2.2988
2.4149
3.0186
3.6223
3.9242
4.2493
4.5511
4.7601
4.8530
5.0620
5.1780
5.3638
5.4567
5.7818
6.0604
6.2926
6.3855
6.6873
6.9892
7.2911
7.6161
7.8019
7.9180
8.5217
8.8236
9.1487
9.4505
9.6595
9.7524
9.9614
10.0775
10.2632
10.3561
10.9366
11.1920
11.2849
12.1440
12.3530
12.4923
12.8174
13.4211
13.7230
14.0481
14.2803
14.5589
14.6518
15.1626
15.2787
15.8592
16.7880
17.0899
17.6007
18.5527
19.2493
19.5512
20.0620
20.7586
21.0141
21.2695
21.4088
21.9893
23.2200
23.4289
23.5218
24.1255
24.4506
24.9615
25.6813
25.9831
26.2850
26.5868
26.8423
27.3995
27.6317
27.8407
28.0033
28.1194
28.7463
29.0249
29.3500
29.8609
29.9770
30.5342
30.7664
30.8825
31.2076
31.4630
31.6488
31.8346
32.0900
32.2061
32.4151
32.9027
33.0188
33.5296
33.9476
34.7603
34.8764
35.4569
35.7820
36.3857
36.8733
37.1984
37.3145
37.6163
37.9182
38.7309
38.8470
39.1488
39.3346
39.7526
40.3563
40.9600
41.9120
42.2139
42.8176
43.0266
43.1195
43.3284
44.0483
44.3501
44.6520
44.9771
45.1396
45.2557
45.5808
45.7433
45.8826
46.1845
46.4863
46.9972
47.0901
47.7170
48.0189
48.1814
48.3207
48.9477
49.4121
49.5514
49.7371
49.8532
50.1319
50.3641
50.4802
50.8517
50.9910
51.2929
51.5251
52.2217
52.5932
52.9183
53.3362
53.5220
53.8471
54.1489
54.3579
54.4508
55.3796
55.6815
55.9601
56.5406
56.9121
57.4926
57.8177
58.2124
58.4214
58.6304
59.2573
59.3502
59.7217
59.7914
59.9307
60.5576
62.1134
62.3920
62.6242
62.7171
62.9029
63.3208
63.6459
64.2496
64.8533
65.1552
65.7589
66.0840
66.5948
66.6877
67.2914
67.6165
68.5453
69.0329
69.6134
69.7295
69.8224
70.7976
71.0531
71.2853
71.5871
72.1444
72.5159
73.0268
73.4215
73.6305
73.7466
74.0484
74.6522
74.9540
75.5810
75.8828
77.0902
77.3921
77.6243
78.2280
78.9478
79.5283
80.4571
81.0841
81.3859
81.9897
82.3147
82.6166
82.7095
82.9185
83.2203
83.4293
83.5454
83.7312
83.8473
84.1491
84.4510
84.6600
84.7528
85.1476
85.3798
85.6816
86.1693
86.4943
86.8891
87.1909
87.8179
88.6306
89.4200
89.6290
90.0005
90.2792
91.6724
92.0439
92.1600
92.4386
93.0191
93.5300
93.9479
94.2498
94.4588
94.5517
95.1089
95.4108
96.0842
96.6879
96.9898
97.5006
97.6167
97.9185
98.2204
99.1260
99.7297
100.6817
101.2854
101.4944
101.5873
101.7963
101.8892
102.0981
102.2142
102.3536
102.5161
102.8180
103.1198
103.4217
104.0486
104.3273
104.9542
105.2096
105.5811
105.8830
106.4403
106.4867
107.2065
107.3923
107.5084
107.7174
107.9263
108.2282
108.6926
108.9248
109.1338
109.4124
109.6214
109.7839
109.9000
110.2019
110.4573
110.5734
110.7592
111.5951
111.8970
112.2685
113.1276
113.3134
113.5224
113.8242
114.1493
114.7530
115.0317
115.6818
116.2159
116.2855
116.9821
117.1447
117.2143
117.2840
117.5162
117.8180
118.7468
119.0487
119.2112
119.3273
119.6524
119.8614
120.5812
120.8831
121.1849
121.8583
122.0209
122.1137
122.7175
122.9961
123.5998
123.9481
124.1107
124.2500
124.5286
124.7376
125.3645
125.4574
125.9450
126.0844
126.3862
126.5952
126.7113
127.0132
127.6169
127.9187
128.7546
128.8707
129.0333
129.1726
129.4745
129.6602
130.3568
130.9838
132.5163
132.8181
133.4219
133.7469
134.0488
134.3507
134.5364
134.6525
135.8832
136.1850
137.4157
137.7176
138.2980
138.6231
138.9482
139.2501
139.4590
139.5519
140.1556
140.7594
141.0844
141.6882
142.6170
142.9188
143.2207
143.7315
143.8476
144.1495
144.4513
145.6588
145.9839
147.2145
147.4003
147.5164
148.0969
148.4220
149.2114
149.5829
149.6758
149.8384
149.9777
150.1634
150.5814
150.7904
150.8833
151.1851
151.3709
151.5102
151.7656
152.2997
152.4158
153.0195
153.3214
153.6464
153.9251
154.2269
154.8539
155.1093
155.7827
156.3864
156.6883
157.0133
157.3152
157.7564
157.9189
158.1743
158.5459
158.8477
159.1263
159.4514
159.7533
160.3570
160.6589
161.9127
162.0985
162.5165
162.7951
163.1202
163.3059
163.4220
163.7471
164.0258
164.3508
164.6527
164.9546
165.2564
165.5815
166.1156
166.7889
166.9979
167.0908
167.6945
167.9964
168.3215
168.6233
168.7859
168.9252
169.2502
169.5521
170.1558
170.3648
170.4809
171.0846
171.3865
171.6883
171.9902
172.6171
172.9190
173.5227
173.8246
174.1497
174.4515
174.9159
175.0552
175.3339
175.9608
176.2859
176.5878
176.8664
177.1915
177.4933
177.7255
178.1203
178.3989
179.3509
179.5599
179.9546
180.8602
181.0460
181.1853
182.9036
183.6234
184.2503
184.7612
184.8541
185.3417
185.4810
186.0847
186.9671
187.1761
187.3386
188.9640
189.3123
189.7535
190.0553
190.3572
190.5662
190.6823
190.9841
192.0755
192.2148
192.5166
192.8882
193.1900
193.7241
194.0492
194.6529
194.9547
195.5817
196.3944
196.6498
198.3681
198.5538
198.7628
198.9486
199.2504
199.5523
199.7613
200.4346
200.7829
201.0848
201.2938
201.9439
202.3155
202.8495
202.9192
203.2210
204.4517
204.7536
205.2644
205.3805
205.6824
206.2861
206.8898
207.1684
207.3774
207.7025
207.8186
208.1205
208.4223
208.6081
208.7474
209.3047
209.6530
210.2799
210.4424
210.5818
211.0926
211.1855
212.0911
212.6019
212.9270
213.0199
213.3217
214.2041
214.4595
214.5524
214.7614
215.1329
215.4812
216.4564
216.6422
217.2227
217.5245
217.7800
217.9193
218.5230
219.1499
219.3589
219.4518
219.6608
220.3806
220.6824
220.8914
220.9843
221.4951
221.5880
221.7970
221.8899
222.3543
222.5168
222.7490
222.8187
223.3992
224.0493
224.3512
224.5137
225.2800
225.5586
226.1159
226.4874
226.7893
227.1376
227.3930
228.2057
228.3218
228.6469
228.8327
229.2506
229.4364
229.8543
230.1794
230.4813
230.6670
230.7831
231.0850
231.2940
231.3868
231.5958
231.6887
232.3156
232.6175
232.8033
232.9194
233.2677
233.5231
233.7088
233.8249
234.1500
234.6376
234.7537
235.0556
235.3807
235.5432
235.6593
235.9612
236.2630
237.1918
237.5169
237.9813
238.1206
238.7244
239.4210
239.6532
240.1640
240.2801
241.1857
241.6965
242.0680
242.4163
242.7182
243.6238
243.9488
244.4132
244.5526
245.3188
245.4581
245.7832
246.2941
246.5495
247.2925
248.8250
249.2662
249.4520
249.7538
250.3343
250.6130
250.9845
251.4257
251.9133
252.3545
252.6563
252.8189
253.1207
253.2600
253.4226
253.8870
254.6532
254.9551
255.2570
255.8607
256.3251
257.7183
258.6471
259.1579
259.2508
259.5527
259.7384
260.1564
260.4582
260.7833
261.0852
261.9907
262.1765
262.6177
263.2214
263.5233
263.8483
264.1270
264.4521
265.6131
265.7756
265.9149
266.0542
266.2168
266.3793
266.5186
266.5651
266.7044
266.8902
267.5171
269.9320
270.5589
270.8840
272.1146
272.4165
272.7184
273.0202
273.3221
273.6472
273.9490
274.2509
274.8546
275.4583
275.7834
277.0141
277.1766
277.3159
277.8964
278.2215
278.4073
279.0574
279.7540
280.3577
280.6828
281.2865
282.2153
282.5172
282.8190
283.1209
283.4228
283.7246
284.0265
285.2571
285.5822
287.1147
287.6952
288.0203
288.7866
289.9476
290.2727
290.4352
290.5745
290.7138
290.8532
290.9925
291.1550
291.5033
291.9677
292.5946
292.9197
293.2216
293.5234
293.7324
293.8485
294.3594
294.4522
294.7541
295.0560
295.3578
295.6829
295.9615
296.2866
296.5420
296.5885
296.8903
297.1922
297.5173
297.8191
298.1210
298.4229
299.0266
299.3517
299.6535
299.9554
300.2572
300.5823
300.8610
301.4879
301.7898
302.1148
302.2774
302.4167
302.7185
303.0204
303.3223
303.8563
303.9492
304.2511
304.4600
304.8548
305.4817
305.7836
306.3873
306.6892
306.9910
307.3161
307.6180
307.9198
308.1288
308.2217
308.7325
308.8486
309.1505
309.7542
310.3579
310.6598
311.7976
311.9137
312.0065
312.0762
312.1923
312.8192
313.1211
313.7480
314.0499
315.2573
315.5824
316.1861
316.4880
316.9756
317.0917
317.7186
318.0205
318.6242
318.9493
319.4601
319.5530
320.4354